
        0.5000000358       -7.0981136237
        0.6000000428       -7.3657864780
        0.7000000497       -7.5475468380
        0.8000000567       -7.6730088260
        0.9000000636       -7.7602110420
        1.0000000706       -7.8207953490
        1.1000000776       -7.8625316390
        1.2000000845       -7.8907754840
        1.3000000915       -7.9092952060
        1.4000000984       -7.9207636750
        1.5000001054       -7.9270874640
        1.6000001123       -7.9296413740
        1.7000001193       -7.9294328120
        1.8000001262       -7.9272118760
        1.9000001332       -7.9235426490
        2.0000001401       -7.9188498060
        2.1000001471       -7.9134511790
        2.2000001541       -7.9075825580
        2.3000001610       -7.9014176000
        2.4000001680       -7.8950838510
        2.5000001749       -7.8886751990
        2.6000001819       -7.8822611700
        2.7000001888       -7.8758935600
        2.8000001958       -7.8696110250
        2.9000002027       -7.8634422070
        3.0000002097       -7.8574078870
        3.1000002166       -7.8515225530
        3.2000002236       -7.8457956110
        3.3000002306       -7.8402324170
        3.4000002375       -7.8348351820
        3.5000002445       -7.8296037690
        3.6000002514       -7.8245363880
        3.7000002584       -7.8196301620
        3.8000002653       -7.8148815770
        3.9000002723       -7.8102868110
        4.0000002792       -7.8058419640
        4.1000002862       -7.8015432170
        4.2000002931       -7.7973869360
        4.3000003001       -7.7933697400
        4.4000003071       -7.7894885500
        4.5000003140       -7.7857406210
        4.6000003210       -7.7821235670
        4.7000003279       -7.7786353630
        4.8000003349       -7.7752743350
        4.9000003418       -7.7720391250
        5.0000003488       -7.7689286380
        5.1000003557       -7.7659419700
        5.2000003627       -7.7630783150
        5.3000003696       -7.7603368690
        5.4000003766       -7.7577167260
        5.5000003836       -7.7552167860
        5.6000003905       -7.7528356630
        5.7000003975       -7.7505716260
        5.8000004044       -7.7484225410
        5.9000004114       -7.7463858580
        6.0000004183       -7.7444585980
        6.1000004253       -7.7426373760
        6.2000004322       -7.7409184390
        6.3000004392       -7.7392977090
        6.4000004461       -7.7377708470
        6.5000004531       -7.7363333150
        6.6000004601       -7.7349804450
        6.7000004670       -7.7337075020
        6.8000004740       -7.7325097470
        6.9000004809       -7.7313824880
        7.0000004879       -7.7303211330
        7.1000004948       -7.7293212270
        7.2000005018       -7.7283784830
        7.3000005087       -7.7274888100
        7.4000005157       -7.7266483260
        7.5000005226       -7.7258533730
        7.6000005296       -7.7251005190
        7.7000005366       -7.7243865620
        7.8000005435       -7.7237085240
        7.9000005505       -7.7230636450
        8.0000005574       -7.7224493800
        8.1000005644       -7.7218633800
        8.2000005713       -7.7213034910
        8.3000005783       -7.7207677340
        8.4000005852       -7.7202542970
        8.5000005922       -7.7197615250
        8.6000005991       -7.7192879030
        8.7000006061       -7.7188320520
        8.8000006131       -7.7183927080
        8.9000006200       -7.7179687240
        9.0000006270       -7.7175590510
        9.1000006339       -7.7171627330
        9.2000006409       -7.7167789000
        9.3000006478       -7.7164067550
        9.4000006548       -7.7160455740
        9.5000006617       -7.7156946960
        9.6000006687       -7.7153535150
        9.7000006756       -7.7150214800
        9.8000006826       -7.7146980850
        9.9000006896       -7.7143828690
       10.0000006965       -7.7140754060
       10.1000007035       -7.7137753080
       10.2000007104       -7.7134822180
       10.3000007174       -7.7131958070
       10.4000007243       -7.7129157730
       10.5000007313       -7.0981136237
